0.9643
0.9816
0.9867
0.9896
0.9915
0.9919
0.9919
0.9933
0.9933
0.9934
0.9939
0.9933
0.9950
0.9942
0.9946
0.9940
0.9947
0.9944
0.9947
0.9950
0.9953
0.9944
0.9957
0.9953
0.9951
0.9954
0.9953
0.9951
0.9959
0.9954
0.9952
0.9956
0.9957
0.9955
0.9952
0.9954
0.9957
0.9960
0.9958
0.9958
0.9953
0.9961
0.9958
0.9955
0.9963
0.9959
0.9963
0.9954
0.9958
0.9955
0.9959
0.9961
0.9960
0.9955
0.9964
0.9962
0.9960
0.9958
0.9959
0.9962
0.9958
0.9961
0.9959
0.9958
0.9958
0.9962
0.9959
0.9960
0.9965
0.9955
0.9959
0.9959
0.9961
0.9958
0.9961
0.9958
0.9957
0.9959
0.9961
0.9961
0.9961
0.9965
0.9961
0.9959
0.9964
0.9959
0.9959
0.9958
0.9963
0.9960
0.9962
0.9961
0.9964
0.9960
0.9959
0.9962
0.9962
0.9964
0.9964
0.9962
0.9962
0.9960
0.9966
0.9958
0.9960
0.9965
0.9959
0.9964
0.9965
0.9964
0.9961
0.9962
0.9963
0.9963
0.9962
0.9963
0.9962
0.9960
0.9959
0.9965
0.9969
0.9966
0.9960
0.9963
0.9964
0.9962
0.9962
0.9961
0.9966
0.9961
0.9962
0.9965
0.9963
0.9963
0.9959
0.9964
0.9965
0.9961
0.9965
0.9965
0.9962
0.9959
0.9963
0.9964
0.9962
0.9964
0.9963
0.9965
0.9964
0.9967
0.9965
0.9963
0.9965
0.9965
0.9964
0.9968
0.9966
0.9963
0.9962
0.9966
0.9962
0.9964
0.9963
0.9961
0.9963
0.9961
0.9964
0.9961
0.9967
0.9965
0.9962
0.9964
0.9962
0.9966
0.9962
0.9965
0.9966
0.9965
0.9965
0.9960
0.9963
0.9963
0.9963
0.9964
0.9964
0.9964
0.9963
0.9960
0.9964
0.9964
0.9964
0.9961
0.9963
0.9964
0.9963
0.9961
0.9963
0.9962
0.9963
0.9963
