0.9708
0.9854
0.9877
0.9897
0.9921
0.9929
0.9932
0.9937
0.9947
0.9941
0.9948
0.9939
0.9946
0.9950
0.9940
0.9951
0.9954
0.9959
0.9950
0.9945
0.9962
0.9958
0.9955
0.9959
0.9959
0.9961
0.9953
0.9961
0.9954
0.9964
0.9963
0.9964
0.9963
0.9958
0.9963
0.9961
0.9965
0.9963
0.9961
0.9965
0.9964
0.9963
0.9965
0.9966
0.9968
0.9964
0.9964
0.9964
0.9963
0.9966
0.9965
0.9963
0.9963
0.9966
0.9958
0.9968
0.9966
0.9964
0.9967
0.9968
0.9963
0.9967
0.9964
0.9960
0.9963
0.9968
0.9968
0.9964
0.9963
0.9963
0.9965
0.9967
0.9964
0.9966
0.9964
0.9965
0.9965
0.9966
0.9965
0.9962
0.9967
0.9962
0.9963
0.9965
0.9966
0.9964
0.9968
0.9964
0.9968
0.9963
0.9968
0.9967
0.9965
0.9969
0.9966
0.9963
0.9967
0.9965
0.9967
0.9966
0.9964
0.9962
0.9967
0.9964
0.9964
0.9967
0.9963
0.9964
0.9964
0.9964
0.9966
0.9966
0.9968
0.9966
0.9964
0.9966
0.9966
0.9966
0.9966
0.9968
0.9963
0.9970
0.9965
0.9965
0.9964
0.9964
0.9970
0.9966
0.9962
0.9963
0.9964
0.9968
0.9968
0.9964
0.9965
0.9965
0.9969
0.9966
0.9965
0.9964
0.9964
0.9963
0.9966
0.9966
0.9966
0.9966
0.9964
0.9965
0.9967
0.9968
0.9969
0.9964
0.9970
0.9966
0.9964
0.9968
0.9970
0.9967
0.9968
0.9961
0.9965
0.9966
0.9966
0.9966
0.9962
0.9968
0.9965
0.9971
0.9965
0.9968
0.9968
0.9966
0.9964
0.9969
0.9966
0.9966
0.9967
0.9967
0.9967
0.9969
0.9964
0.9967
0.9965
0.9966
0.9964
0.9969
0.9967
0.9968
0.9968
0.9965
0.9964
0.9968
0.9968
0.9968
0.9968
0.9966
0.9965
0.9967
0.9966
0.9967
