0.9643
0.9829
0.9869
0.9894
0.9918
0.9916
0.9924
0.9930
0.9935
0.9935
0.9941
0.9935
0.9943
0.9942
0.9950
0.9943
0.9944
0.9956
0.9956
0.9945
0.9945
0.9950
0.9951
0.9947
0.9953
0.9956
0.9953
0.9947
0.9951
0.9945
0.9947
0.9955
0.9952
0.9949
0.9950
0.9952
0.9950
0.9955
0.9956
0.9955
0.9959
0.9952
0.9954
0.9959
0.9956
0.9956
0.9960
0.9954
0.9957
0.9954
0.9958
0.9959
0.9957
0.9958
0.9957
0.9956
0.9958
0.9953
0.9959
0.9955
0.9959
0.9955
0.9955
0.9957
0.9954
0.9957
0.9958
0.9967
0.9959
0.9954
0.9960
0.9960
0.9961
0.9946
0.9959
0.9961
0.9958
0.9955
0.9959
0.9959
0.9964
0.9961
0.9964
0.9959
0.9959
0.9957
0.9959
0.9961
0.9962
0.9960
0.9960
0.9959
0.9961
0.9961
0.9961
0.9957
0.9959
0.9960
0.9963
0.9958
0.9962
0.9961
0.9966
0.9959
0.9960
0.9962
0.9963
0.9961
0.9965
0.9965
0.9964
0.9962
0.9962
0.9958
0.9962
0.9966
0.9962
0.9961
0.9957
0.9961
0.9962
0.9959
0.9961
0.9958
0.9962
0.9961
0.9962
0.9961
0.9966
0.9963
0.9964
0.9967
0.9962
0.9962
0.9965
0.9964
0.9965
0.9961
0.9967
0.9961
0.9962
0.9963
0.9959
0.9964
0.9960
0.9963
0.9960
0.9959
0.9964
0.9963
0.9963
0.9962
0.9960
0.9960
0.9961
0.9962
0.9962
0.9964
0.9963
0.9965
0.9957
0.9959
0.9962
0.9963
0.9960
0.9968
0.9961
0.9964
0.9965
0.9961
0.9965
0.9963
0.9967
0.9963
0.9965
0.9961
0.9964
0.9964
0.9963
0.9962
0.9962
0.9961
0.9969
0.9965
0.9966
0.9963
0.9967
0.9960
0.9964
0.9962
0.9964
0.9964
0.9964
0.9962
0.9963
0.9964
0.9964
0.9964
0.9963
0.9966
